49 0.424328 0.805000 0.178406 0.272810
49 0.717789 0.579496 0.175047 0.166956
61 0.223391 0.632213 0.395813 0.451686
46 0.407594 0.296944 0.096094 0.347845
46 0.265305 0.230000 0.097328 0.331756
46 0.125586 0.208958 0.104547 0.337213
46 0.194312 0.303255 0.102031 0.195082
46 0.310289 0.286241 0.110047 0.252623
46 0.219141 0.125902 0.082469 0.181358
46 0.039625 0.237810 0.079250 0.148407
46 0.126312 0.251920 0.093375 0.220328
46 0.419844 0.266370 0.097812 0.305621
47 0.052477 0.391007 0.092953 0.224731
47 0.818266 0.468525 0.102438 0.155738
67 0.501500 0.533700 0.997000 0.910117
49 0.488406 0.858618 0.301219 0.261030
